[GENERAL]
CameraModel=RIEGL-CS6
CameraSerial=50-0503378972
Version=2
[PARAMETERS]
fx=2304.54786556982
fy=2305.875668062
Cx=1686.23787612802
Cy=1354.98486439791
